997
745
1360
488
505
726
1069
777
1436
277
172
827
875
1237
483
1334
190
1268
113
634
1313
760
348
1185
281
499
737
860
1390
829
63
549
440
910
1011
69
329
208
296
3
1002
214
230
784
1181
735
572
357
648
772
1362
1102
808
1188
1356
1383
1216
1403
1266
24
1233
740
1001
181
84
1135
98
271
346
902
796
48
937
218
914
1151
677
264
194
743
85
1078
825
217
616
90
655
561
562
1392
739
536
639
1096
1077
846
1279
153
1014
956
995
767
1308
1385
1289
111
1015
865
385
415
801
265
899
1374
295
1238
384
895
1155
941
9
165
1451
57
367
859
1341
862
564
610
991
1158
300
423
849
1250
654
0
1183
1232
1376
892
514
657
1208
666
1309
94
1108
1339
246
957
1033
633
871
102
1143
984
983
718
574
480
319
318
1080
870
1441
1025
1352
368
1056
919
1272
328
938
637
285
1245
972
362
662
1083
900
250
1236
352
1032
1205
19
298
1207
1280
134
419
1160
1332
1174
998
157
647
888
1252
933
388
642
728
773
1120
831
676
873
584
502
458
1379
1091
624
400
674
820
273
1349
751
1257
1331
868
1044
755
952
128
1150
211
916
1416
343
21
1012
192
528
819
38
509
881
1399
164
581
996
11
1428
500
1070
51
1429
1381
889
18
600
1055
1031
227
361
432
877
1328
76
955
323
1196
646
795
1162
372
145
138
158
1177
1074
278
95
1171
293
948
730
205
350
656
1452
798
896
1221
381
1041
1294
310
235
166
101
951
260
1021
1297
1119
1027
1375
1068
478
811
851
139
621
1211
1090
1053
292
766
551
897
424
850
816
1345
35
670
752
1447
50
162
259
533
963
1073
710
559
1251
430
303
79
130
603
1448
1192
1394
92
595
1301
14
1203
855
716
906
591
1178
1265
290
1439
1210
23
325
173
1034
1199
494
201
720
144
530
68
839
1035
1176
921
1377
171
438
1259
962
74
1368
762
857
663
470
426
427
1415
907
837
1039
1144
686
922
1089
526
1306
821
422
460
185
901
1172
608
915
12
974
115
883
1126
1093
1111
548
359
641
890
344
567
204
253
473
668
840
1029
7
125
1449
1320
32
635
429
999
437
786
262
898
609
684
468
1051
1224
1378
403
472
315
474
1307
498
1112
1342
765
843
446
82
990
894
782
780
376
274
270
645
1444
1437
845
711
276
732
457
1260
1299
775
1023
872
1212
301
1064
1283
935
1024
103
1323
802
122
464
659
1004
727
327
463
503
556
882
605
490
650
433
1187
391
371
1094
874
443
340
482
588
213
1123
1363
1061
539
1010
1040
644
1361
1274
757
979
309
127
188
560
722
558
1009
909
967
52
1453
869
1355
392
221
334
6
1329
222
239
1059
1230
788
411
542
582
758
812
593
1353
856
568
1389
33
1335
602
1305
1419
60
89
252
393
864
1315
42
563
858
233
810
1387
245
904
191
1189
65
412
524
989
1324
161
231
622
240
1052
73
982
287
1382
1380
197
683
594
1310
1438
761
589
651
1424
988
1213
142
1302
944
792
1293
1348
1217
1423
863
462
1427
841
248
333
1170
461
1156
15
151
49
425
893
1194
917
598
619
342
512
876
679
2
1098
1154
1333
1395
580
685
1132
693
1057
83
1298
1256
242
1038
628
931
91
1050
725
607
545
366
355
927
1435
1409
452
986
387
1016
649
330
1049
413
690
970
244
409
1149
20
339
136
511
1243
1076
146
672
947
1327
1008
467
664
748
807
1255
1227
1036
1267
867
596
1114
717
943
953
966
614
1107
200
565
527
59
1202
627
696
776
487
705
1195
958
1285
848
803
1048
275
107
1018
506
1146
17
789
1384
1430
925
431
224
1173
486
643
750
179
1321
1000
441
1242
578
143
623
838
243
532
140
546
1121
137
286
1167
688
189
109
152
126
117
324
255
1410
212
769
1186
489
370
599
341
1198
852
842
1145
1148
116
747
1314
1081
1278
1060
1125
1165
405
1248
538
756
261
4
828
993
247
669
1246
147
791
226
299
356
477
209
154
714
911
386
375
734
576
420
414
1258
199
30
469
1163
1264
484
289
1271
421
338
787
1003
1446
374
476
853
304
453
36
390
186
537
196
823
491
804
992
1400
694
929
744
249
638
552
132
763
918
1065
493
926
1169
1131
349
160
523
34
1086
1137
1282
521
207
44
133
96
56
1079
41
1229
709
1128
1028
661
1413
55
753
27
1398
836
978
912
1220
785
1311
168
1099
1412
114
577
835
398
8
1281
1166
279
306
263
1200
1054
1075
331
404
544
220
135
434
410
1042
447
1326
219
22
529
1275
554
322
451
397
1234
834
408
886
1442
284
332
518
535
26
442
971
180
673
813
1066
1273
450
210
257
1337
337
585
1115
31
779
706
401
793
129
939
479
228
258
1269
1030
459
267
833
741
105
1401
1067
1206
1287
597
1209
1347
399
163
640
25
1317
1391
629
1223
781
905
202
47
1013
119
531
1106
824
1058
291
29
307
1440
1124
335
169
626
583
687
573
314
1113
99
75
195
924
312
1247
708
949
1006
1372
1396
46
77
471
1262
695
1433
149
363
699
383
120
815
515
225
97
358
702
1338
377
809
288
964
150
540
987
715
1408
345
364
665
174
439
749
297
1351
519
1046
326
336
723
516
1007
689
176
980
1373
1084
630
1043
879
1393
1129
1139
1318
805
617
1133
1037
1404
1152
234
575
652
1406
104
382
321
1397
251
456
1109
571
1316
826
448
913
799
389
1097
58
237
100
547
1117
707
719
485
625
754
43
1072
1276
1296
698
764
1157
771
1045
175
1022
365
729
178
800
712
658
497
496
1071
1425
1197
550
501
733
449
543
770
1100
373
517
62
481
229
620
236
746
1085
1261
1140
586
738
806
1426
1184
1005
703
794
1082
1087
1095
713
302
692
631
121
724
778
866
604
783
1088
973
932
1218
406
193
1168
611
1340
61
887
946
1063
606
