983
743
1340
490
509
722
1197
776
1329
277
169
819
877
1321
484
1314
187
1187
112
632
1138
759
347
1063
278
497
731
850
1370
820
62
556
454
902
997
68
342
205
294
3
988
211
227
788
1163
729
569
356
649
765
944
1085
806
1170
1336
1365
1342
1382
1421
23
1167
735
1217
178
83
1118
97
268
344
896
793
47
926
215
907
1126
712
261
191
737
84
1061
817
214
619
89
652
557
559
1371
732
544
637
1366
1060
839
1260
151
1000
943
984
764
1288
1359
1261
110
1001
857
384
412
800
267
889
1354
292
1219
381
888
1293
8
162
1429
56
364
849
1233
854
567
611
981
1141
314
436
844
1231
650
0
1165
1213
1356
884
529
657
1270
662
1143
93
1091
1319
246
951
1041
629
862
101
1134
977
970
720
579
479
324
315
1066
860
1419
1018
1332
380
1054
916
1253
325
929
634
291
1226
969
363
661
1074
891
260
1218
353
1019
1189
18
296
1190
1269
133
419
1157
1428
1162
987
155
643
880
1238
925
396
642
727
769
1117
836
672
864
596
500
471
1363
1079
628
398
671
815
273
1330
752
1247
1312
859
38
434
1240
168
1013
603
11
1406
1027
67
525
1276
830
20
1361
1178
822
232
367
1099
413
78
1086
976
1415
1324
374
159
142
161
1350
288
100
523
1232
1275
456
210
355
1325
299
1341
878
551
586
1281
942
229
1205
390
1286
627
1196
387
311
1145
1192
255
170
102
1381
998
841
924
903
1355
1284
486
705
1173
143
872
939
297
658
554
1009
423
871
710
1076
37
654
909
50
163
258
543
1036
574
429
306
81
137
604
960
1058
1373
1005
600
1283
17
1425
1055
744
996
598
928
1251
289
1185
835
31
1007
181
941
1181
498
202
747
156
536
70
1155
870
1026
180
442
1241
887
75
774
679
469
425
426
1394
846
949
1109
704
990
528
840
422
460
198
923
1154
613
938
13
121
895
1106
1075
1417
552
365
1368
1046
886
266
94
1010
641
336
904
350
583
208
692
772
1357
256
474
323
681
1072
787
201
1049
767
863
10
127
1427
1300
34
640
428
1020
439
808
270
922
616
699
468
1077
1216
1358
418
470
321
478
1287
504
1159
1322
778
866
453
86
1015
908
803
794
375
274
272
651
1422
1343
867
721
286
758
459
1280
790
1038
879
1278
301
1094
961
1040
114
1303
827
124
464
663
1021
754
339
461
521
561
890
607
495
655
433
1230
399
372
1133
883
450
340
493
595
224
1172
1400
1093
546
1025
1073
645
1395
1255
749
965
305
126
185
555
716
553
995
897
953
51
1431
858
1335
388
218
330
6
1309
219
236
1044
1211
780
407
537
577
750
804
588
1333
845
563
1369
32
1315
597
1285
1398
59
88
248
389
853
1295
41
558
847
230
802
1367
241
893
188
1171
64
408
519
975
1304
158
228
617
237
1037
72
968
283
1362
1360
194
678
589
1290
1416
753
584
646
1403
974
1194
140
1282
932
784
1274
1328
1198
1402
852
458
1405
831
244
329
1153
457
1139
14
149
48
421
882
1176
905
593
614
338
507
865
674
2
1081
1137
1313
1374
575
680
1115
688
1042
82
1279
1237
238
1024
623
919
90
1035
719
602
540
362
351
915
1413
1388
448
972
383
1002
644
326
1034
409
685
956
240
405
1132
19
335
135
506
1224
1059
144
667
935
1307
994
463
659
740
799
1236
1208
1022
1248
856
591
1097
711
931
940
952
609
1090
197
560
522
58
1184
622
691
768
483
700
1177
945
1266
838
795
1033
271
106
1004
501
1129
16
781
1364
1408
913
223
465
989
618
726
183
1180
487
1245
748
141
587
485
243
352
138
532
1347
136
285
1301
742
193
108
150
125
116
334
257
1263
221
547
1168
370
527
345
1259
1131
832
1150
779
115
1158
1389
1229
1114
1148
1108
755
410
828
541
1223
1050
4
1252
933
245
842
145
689
239
300
366
480
209
152
715
766
386
382
736
573
417
416
1239
206
29
472
1146
843
482
295
1152
424
337
783
978
1045
371
473
899
1227
1424
264
313
462
35
401
186
533
196
818
489
813
979
1379
708
930
739
251
638
565
131
761
914
1064
516
917
1156
1120
349
164
520
33
1104
1128
1294
518
502
204
43
132
95
55
1082
40
1392
733
1111
1014
656
1052
54
771
26
1377
873
964
927
1291
785
1188
165
1087
1393
113
572
826
394
7
1262
1149
275
302
259
1182
1039
1268
327
400
539
217
134
430
406
1215
443
1306
216
21
524
1256
549
318
447
393
1016
825
404
900
1420
280
328
513
530
25
438
177
668
823
1051
1254
446
207
253
1191
333
580
30
777
701
397
789
128
957
475
225
254
1250
1028
455
263
824
745
104
1380
1062
1201
1297
592
1210
395
160
635
24
1317
1391
624
1204
773
894
199
46
999
118
526
1089
814
1043
287
28
303
1418
1107
331
166
621
578
682
568
310
1096
98
74
192
912
308
703
1302
1222
724
440
45
76
1318
1032
709
936
147
359
694
379
119
1242
508
222
96
354
696
608
373
1179
284
947
148
535
967
717
973
341
360
1031
171
435
1298
293
1323
514
1225
322
332
1353
511
992
684
173
1352
1030
728
625
1023
1385
901
1110
1121
1296
980
612
1112
1008
1376
1140
231
570
647
1384
103
378
317
1375
247
452
1080
566
1277
812
444
892
791
385
1243
57
234
99
542
1092
702
713
481
620
746
42
1409
1337
1257
693
756
1067
763
1029
172
993
361
723
175
792
706
653
492
491
1056
1397
1221
545
496
725
445
538
762
1083
369
512
61
477
226
615
233
738
1068
1235
1123
581
730
798
1404
1166
991
698
786
1065
1070
1078
707
298
687
626
120
718
770
855
599
775
1071
959
920
1199
402
190
1151
606
1320
60
876
934
1048
601
